00000010100000001000000000001011
00000010100000100000000000000001
00000100000000000001000000100000
00000010100000010000000000010110
00000010100000100000000000000010
00000100000000000001000001000000
00000010100000011000000000100001
00000010100000100000000000000011
00000100000000000001000001100000
00000010100100110000000000000000
00000000100000000000000011000000
00000011000100101001100000000001
00010100000111110000010000000001
00010000100011111000001111000000
00011110000000000000001111111010
00000011000100101001100000000010
00010100000111110000100000000010
00010000100011111000001111000000
00011110000000000000001111110110
00000011000100101001100000000011
00010100000111110000110000000011
00010000100011111000001111000000
00011110000000000000001111110010
00000010100011111000000000000000
00001110000000000000001111111111
